401d8000 
00000000 
03a0e021 
23bdfffc 
3c1b0000 
277b002c 
409b7000 
241b0101 
409b6000 
42000018 
00000000 
24040400 
2405000a 
14a00002 
0085001b 
0007000d 
00002012 
00001012 
24420001 
00001810 
08000014 
00000000 
2484ffff 
00000000 
1480fffd 
00000000 
03e00008 
00000000 
00000000 
00000000 
00000000 
00000000 
00000000 
00000000 
00000000 
00000000 
00000000 
00000000 
00000000 
00000000 
00000000 
00000000 
00000000 
00000000 
00000000 
00000000 
00000000 
00000000 
00000000 
00000000 
00000000 
00000000 
00000000 
00000000 
00000000 
00000000 
00000000 
00000000 
00000000 
00000000 
00000000 
00000000 
00000000 
00000000 
401a7000 
401b6800 
08000042 
00000000 
